1740145221175 2.2689521312713623 0
1740145221597 2.114748239517212 0
1740145222016 1.8486748933792114 0
1740145222435 1.3005800247192383 0
1740145222843 1.164189338684082 0
1740145223246 0.9714104533195496 0
1740145223651 0.8525181412696838 0
1740145224055 0.7233752012252808 0
1740145224463 0.6510142683982849 0
1740145224867 0.5351901650428772 0
1740145225273 0.8432734608650208 0
1740145225682 0.4308335781097412 0
1740145226085 0.6519081592559814 0
1740145226494 0.4959486424922943 0
1740145226903 0.6516728401184082 0
1740145227309 0.42856964468955994 0
1740145227717 0.7007479667663574 0
1740145228126 0.49902355670928955 0
1740145228535 0.4328688085079193 0
1740145228948 0.32069990038871765 0
1740145229358 0.3014395534992218 0
1740145229763 0.5683500170707703 0
1740145230170 0.2962171137332916 0
1740145230578 0.45514070987701416 0
1740145230985 0.4776025414466858 0
1740145231394 0.33607643842697144 0
1740145231803 0.44643086194992065 0
1740145232210 0.39954787492752075 0
1740145232618 0.25937387347221375 0
1740145233026 0.4418010413646698 0
1740145233436 0.5034731030464172 0
1740145233846 0.3617984354496002 0
1740145234252 0.36680901050567627 0
1740145234663 0.4699167311191559 0
1740145235072 0.2598385512828827 0
1740145235479 0.32720503211021423 0
1740145235887 0.3532826900482178 0
1740145236297 0.2451438456773758 0
1740145236706 0.48296529054641724 0
1740145237114 0.13505002856254578 0
1740145237525 0.4285544455051422 0
1740145237941 0.40656471252441406 0
1740145238347 0.4402925372123718 0
1740145238755 0.5305415391921997 0
1740145239166 0.36380860209465027 0
1740145239577 0.3508722484111786 0
1740145239986 0.201849102973938 0
1740145240400 0.32756903767585754 0
1740145240810 0.21046392619609833 0
1740145241218 0.3911164402961731 0
1740145241623 0.2529733180999756 0
1740145242028 0.1623181402683258 0
1740145242442 0.2737956643104553 0
1740145242851 0.36758649349212646 0
1740145243259 0.19733096659183502 0
1740145243665 0.3548915386199951 0
1740145244074 0.48863333463668823 0
1740145244481 0.5137467384338379 0
1740145244889 0.45119401812553406 0
1740145245300 0.15080690383911133 0
1740145245716 0.18720375001430511 0
1740145246130 0.13643768429756165 0
1740145246551 0.2808968722820282 0
1740145246960 0.3963901698589325 0
1740145247373 0.3954063653945923 0
1740145247783 0.1763594150543213 0
1740145248197 0.3093712031841278 0
1740145248607 0.1328526735305786 0
1740145249014 0.3368717133998871 0
1740145249423 0.2982320487499237 0
1740145249832 0.11172386258840561 0
1740145250244 0.3709048926830292 0
1740145250651 0.30072879791259766 0
1740145251058 0.15200503170490265 0
1740145251462 0.13209810853004456 0
1740145251877 0.11696919798851013 0
1740145252285 0.1565503180027008 0
1740145252694 0.15776404738426208 0
1740145253102 0.20941413938999176 0
1740145253515 0.1215575709939003 0
1740145253922 0.2046259045600891 0
1740145254331 0.07726322114467621 0
1740145254739 0.1267062872648239 0
1740145255146 0.17905524373054504 0
1740145255559 0.33124735951423645 0
1740145255966 0.1170172318816185 0
1740145256375 0.3332778513431549 0
1740145256783 0.13128051161766052 0
1740145257191 0.32173654437065125 0
1740145257601 0.16450384259223938 0
1740145258012 0.1858104169368744 0
1740145258422 0.14903971552848816 0
1740145258830 0.04890848696231842 0
1740145259237 0.09782827645540237 0
1740145259647 0.09611304849386215 0
1740145260055 0.23374322056770325 0
1740145260464 0.11113061010837555 0
1740145260871 0.6347886323928833 0
1740145261280 0.17487139999866486 0
1740145261690 0.1092778891324997 0
1740145262096 0.06965216994285583 0
1740145262503 0.17742367088794708 0
1740145262912 0.1945161372423172 0
1740145263317 0.05525336414575577 0
1740145263727 0.2032810002565384 0
1740145264135 0.5208545327186584 0
1740145264538 0.12303484976291656 0
1740145264950 0.21199405193328857 0
1740145265359 0.039719872176647186 0
1740145265771 0.28709712624549866 0
1740145266176 0.19557178020477295 0
1740145266586 0.11645827442407608 0
1740145266991 0.20600664615631104 0
1740145267408 0.27045679092407227 0
1740145267840 0.14250853657722473 0
1740145268251 0.20935605466365814 0
1740145268661 0.03925742954015732 0
1740145269070 0.15092144906520844 0
1740145269479 0.20974135398864746 0
1740145269887 0.024661412462592125 0
1740145270306 0.18108707666397095 0
1740145270718 0.21254153549671173 0
1740145271124 0.14350241422653198 0
1740145271533 0.09206970036029816 0
1740145271942 0.144951730966568 0
1740145272356 0.18168702721595764 0
1740145272765 0.4106817841529846 0
1740145273171 0.03757617995142937 0
1740145273578 0.24327188730239868 0
1740145273983 0.142463818192482 0
1740145274390 0.0647672563791275 0
1740145274797 0.3745266795158386 0
1740145275211 0.08489308506250381 0
1740145275618 0.08703235536813736 0
1740145276029 0.15153005719184875 0
1740145276438 0.26678499579429626 0
1740145276848 0.11610288172960281 0
1740145277254 0.0988244116306305 0
1740145277660 0.25645911693573 0
1740145278068 0.05061941221356392 0
1740145278480 0.10754821449518204 0
1740145278887 0.13236282765865326 0
1740145279293 0.04071637615561485 0
1740145279702 0.10878004878759384 0
1740145280115 0.07290802896022797 0
1740145280523 0.17801131308078766 0
1740145280930 0.2155449390411377 0
1740145281341 0.06576400995254517 0
1740145281748 0.15400367975234985 0
1740145282156 0.07827601581811905 0
