1740151651621 2.301187038421631 0
1740151652102 0.9977242350578308 0
1740151652582 0.4610435366630554 0
1740151653056 0.5049557685852051 0
1740151653534 0.31465867161750793 0
1740151654022 0.17137736082077026 0
1740151654499 0.48740798234939575 0
1740151654974 0.26120442152023315 0
1740151655448 0.46074193716049194 0
1740151655919 0.2029941976070404 0
1740151656389 0.15017053484916687 0
1740151656859 0.23012886941432953 0
1740151657331 0.38745826482772827 0
1740151657807 0.34680166840553284 0
1740151658280 0.11938907951116562 0
1740151658748 0.29678988456726074 0
1740151659228 0.05871538817882538 0
1740151659700 0.06872016936540604 0
1740151660168 0.09025059640407562 0
1740151660648 0.29798173904418945 0
1740151661136 0.03953796625137329 0
1740151661616 0.16930796205997467 0
1740151662108 0.14234992861747742 0
1740151662593 0.07427732646465302 0
1740151663078 0.006628016009926796 0
1740151663555 0.03874283283948898 0
1740151664041 0.09630534797906876 0
1740151664537 0.2904844582080841 0
1740151665028 0.09926001727581024 0
1740151665513 0.14704672992229462 0
1740151666002 0.056789789348840714 0
1740151666478 0.09353477507829666 0
1740151666960 0.037138935178518295 0
1740151667439 0.1542448103427887 0
1740151667923 0.1146283969283104 0
1740151668415 0.4772486090660095 0
1740151668897 0.026296153664588928 0
1740151669378 0.1022741049528122 0
1740151669871 0.01635332778096199 0
1740151670370 0.1466405987739563 0
1740151670851 0.07240557670593262 0
1740151671334 0.13982513546943665 0
1740151671816 0.2246161848306656 0
1740151672312 0.4655945599079132 0
1740151672802 0.11911377310752869 0
1740151673288 0.10985464602708817 0
1740151673758 0.08425396680831909 0
1740151674225 0.12792456150054932 0
1740151674712 0.025638999417424202 0
1740151675193 0.06351327151060104 0
1740151675672 0.017248082906007767 0
1740151676151 0.08066388964653015 0
1740151676629 0.0242246575653553 0
1740151677102 0.03223628178238869 0
1740151677573 0.15807098150253296 0
1740151678051 0.03844892978668213 0
1740151678528 0.036314137279987335 0
1740151679006 0.307854026556015 0
1740151679479 0.023224715143442154 0
1740151679953 0.012514268979430199 0
1740151680430 0.00833834521472454 0
1740151680922 0.02740200236439705 0
1740151681399 0.014414753764867783 0
1740151681879 0.05933218076825142 0
1740151682345 0.00782086979597807 0
1740151682831 0.0036214222200214863 0
1740151683337 0.03504807502031326 0
1740151683809 0.07744580507278442 0
1740151684274 0.060373589396476746 0
1740151684741 0.02784932777285576 0
1740151685222 0.06794524937868118 0
1740151685700 0.005228283815085888 0
1740151686171 0.0887858122587204 0
1740151686651 0.04832640290260315 0
1740151687134 0.0731579065322876 0
1740151687611 0.012131727300584316 0
1740151688080 0.08802716434001923 0
1740151688546 0.01621190458536148 0
1740151689023 0.037231605499982834 0
1740151689505 0.002278020139783621 0
1740151689981 0.03725193813443184 0
1740151690456 0.020578481256961823 0
1740151690924 0.008636951446533203 0
1740151691396 0.010414998978376389 0
1740151691865 0.03207369148731232 0
1740151692332 0.015204457566142082 0
1740151692809 0.15203511714935303 0
1740151693287 0.005326084326952696 0
1740151693762 0.10996078699827194 0
1740151694233 0.020447013899683952 0
1740151694715 0.07030603289604187 0
1740151695192 0.12153474986553192 0
1740151695664 0.015468422323465347 0
1740151696133 0.09580041468143463 0
1740151696607 0.30142155289649963 0
1740151697075 0.1758897453546524 0
1740151697543 0.016454022377729416 0
1740151698011 0.041359808295965195 0
1740151698478 0.047766655683517456 0
1740151698952 0.031411658972501755 0
1740151699418 0.05440518260002136 0
1740151699890 0.028469886630773544 0
1740151700365 0.05384746193885803 0
1740151700838 0.01519580464810133 0
1740151701307 0.042602378875017166 0
1740151701778 0.16779306530952454 0
1740151702249 0.0014681152533739805 0
1740151702726 0.0023051912430673838 0
1740151703196 0.00696360319852829 0
1740151703674 0.004532397259026766 0
1740151704149 0.01477100420743227 0
1740151704619 0.05362682044506073 0
1740151705087 0.10558425635099411 0
1740151705556 0.008293507620692253 0
1740151706026 0.013295348733663559 0
1740151706492 0.010098285041749477 0
1740151706960 0.009911625646054745 0
1740151707426 0.02401408553123474 0
1740151707899 0.007730296812951565 0
1740151708409 0.02340339869260788 0
1740151708914 0.006200578063726425 0
1740151709406 0.0030744518153369427 0
1740151709875 0.013188265264034271 0
1740151710385 0.5328782796859741 0
1740151710860 0.0045229108072817326 0
1740151711337 0.06323075294494629 0
1740151711812 0.015529243275523186 0
1740151712316 0.02729552797973156 0
1740151712809 0.004397413227707148 0
1740151713285 0.009495235048234463 0
1740151713763 0.025366509333252907 0
1740151714235 0.014497637748718262 0
1740151714720 0.021186355501413345 0
1740151715187 0.07021735608577728 0
1740151715671 0.008058635517954826 0
1740151716154 0.02762644737958908 0
1740151716647 0.031096018850803375 0
1740151717151 0.058281052857637405 0
1740151717642 0.13430795073509216 0
1740151718131 0.013150207698345184 0
1740151718611 0.004906425718218088 0
1740151719097 0.003479520557448268 0
1740151719599 0.0012741292594000697 0
1740151720089 0.039834022521972656 0
1740151720579 0.0032011300791054964 0
1740151721065 0.09571192413568497 0
1740151721549 0.029099497944116592 0
1740151722055 0.007222576532512903 0
1740151722549 0.0025775209069252014 0
1740151723025 0.03984647989273071 0
