1740145378978 2.3192625045776367 0
1740145379394 0.5253357291221619 0
1740145379808 0.381257027387619 0
1740145380222 0.5190495252609253 0
1740145380634 0.26264721155166626 0
1740145381046 0.13338609039783478 0
1740145381455 0.13718175888061523 0
1740145381868 0.2223900705575943 0
1740145382281 0.287899374961853 0
1740145382696 0.12698863446712494 0
1740145383112 0.08205215632915497 0
1740145383523 0.4251055121421814 0
1740145383933 0.3116997182369232 0
1740145384344 0.08851493149995804 0
1740145384753 0.06721482425928116 0
1740145385167 0.05964139103889465 0
1740145385578 0.14990633726119995 0
1740145385990 0.2484784722328186 0
1740145386402 0.13464400172233582 0
1740145386812 0.09074942767620087 0
1740145387225 0.06913059949874878 0
1740145387639 0.07080380618572235 0
1740145388049 0.18725940585136414 0
1740145388459 0.05409492924809456 0
1740145388873 0.18175888061523438 0
1740145389284 0.034620217978954315 0
1740145389693 0.13992713391780853 0
1740145390103 0.12424886971712112 0
1740145390516 0.22889922559261322 0
1740145390927 0.07270487397909164 0
1740145391338 0.04466715455055237 0
1740145391750 0.049479495733976364 0
1740145392163 0.03186117485165596 0
1740145392574 0.05417916551232338 0
1740145392987 0.09965208917856216 0
1740145393397 0.09826340526342392 0
1740145393808 0.04102097079157829 0
1740145394215 0.023171132430434227 0
1740145394627 0.11703960597515106 0
1740145395036 0.03474462032318115 0
1740145395451 0.0143274562433362 0
1740145395861 0.10679121315479279 0
1740145396272 0.10569567233324051 0
1740145396687 0.020762519910931587 0
1740145397098 0.26555025577545166 0
1740145397512 0.026819920167326927 0
1740145397923 0.11518950760364532 0
1740145398330 0.00831601396203041 0
1740145398742 0.07390282303094864 0
1740145399153 0.058520346879959106 0
1740145399564 0.04090508446097374 0
1740145399973 0.11744698137044907 0
1740145400385 0.02235458791255951 0
1740145400798 0.016813058406114578 0
1740145401208 0.02588917687535286 0
1740145401618 0.007272215094417334 0
1740145402030 0.030525119975209236 0
1740145402439 0.015963850542902946 0
1740145402851 0.015968412160873413 0
1740145403260 0.010843055322766304 0
1740145403674 0.17567342519760132 0
1740145404084 0.007025657221674919 0
1740145404500 0.11022687703371048 0
1740145404932 0.12352195382118225 0
1740145405347 0.044739238917827606 0
1740145405760 0.12527009844779968 0
1740145406168 0.011940715834498405 0
1740145406578 0.02567441202700138 0
1740145406989 0.018046831712126732 0
1740145407399 0.04068358987569809 0
1740145407808 0.04722638428211212 0
1740145408216 0.07964876294136047 0
1740145408624 0.11362001299858093 0
1740145409035 0.05109531804919243 0
1740145409444 0.06109577417373657 0
1740145409855 0.03281550854444504 0
1740145410263 0.02548130229115486 0
1740145410670 0.08248427510261536 0
1740145411077 0.02421604096889496 0
1740145411486 0.12830185890197754 0
1740145411897 0.16124916076660156 0
1740145412306 0.08494547009468079 0
1740145412718 0.01856815256178379 0
1740145413130 0.05076196417212486 0
1740145413543 0.047081317752599716 0
1740145413953 0.066224105656147 0
1740145414363 0.054818909615278244 0
1740145414774 0.012061331421136856 0
1740145415187 0.04292173311114311 0
1740145415600 0.004215076100081205 0
1740145416020 0.078231081366539 0
1740145416427 0.023075399920344353 0
1740145416837 0.006091626826673746 0
1740145417245 0.008119412697851658 0
1740145417660 0.05605032294988632 0
1740145418071 0.005175936501473188 0
1740145418479 0.03442580625414848 0
1740145418889 0.009449195116758347 0
1740145419298 0.03987576439976692 0
1740145419712 0.03281064331531525 0
1740145420121 0.010069251991808414 0
1740145420534 0.02089739590883255 0
1740145420946 0.010039600543677807 0
1740145421359 0.07839656621217728 0
1740145421771 0.008724706247448921 0
1740145422184 0.062047023326158524 0
1740145422595 0.023365823552012444 0
1740145423003 0.059979889541864395 0
1740145423414 0.029871832579374313 0
1740145423827 0.004891799297183752 0
1740145424238 0.01428835280239582 0
1740145424648 0.0006999176112003624 0
1740145425060 0.08488374948501587 0
1740145425471 0.041179005056619644 0
1740145425882 0.08213141560554504 0
1740145426291 0.0029457996133714914 0
1740145426701 0.07948226481676102 0
1740145427111 0.08719772845506668 0
1740145427519 0.05433949828147888 0
1740145427932 0.011533061042428017 0
1740145428344 0.004776121582835913 0
1740145428758 0.0009686349658295512 0
1740145429171 0.017430678009986877 0
1740145429583 0.010786071419715881 0
1740145429995 0.010446091182529926 0
1740145430404 0.3215777277946472 0
1740145430811 0.05158047005534172 0
1740145431220 0.025721408426761627 0
1740145431628 0.004948372021317482 0
1740145432044 0.006550976075232029 0
1740145432451 0.006087758578360081 0
1740145432860 0.016576699912548065 0
1740145433267 0.004782817326486111 0
1740145433676 0.02006998471915722 0
1740145434090 0.016581352800130844 0
1740145434501 0.003965957090258598 0
1740145434911 0.0023856686893850565 0
1740145435319 0.14084568619728088 0
1740145435727 0.029913734644651413 0
1740145436139 0.01952526532113552 0
1740145436549 0.0032671906519681215 0
1740145436962 0.01331203244626522 0
1740145437371 0.09841636568307877 0
1740145437782 0.0031300056725740433 0
1740145438195 0.0008081620908342302 0
1740145438604 0.027041643857955933 0
1740145439013 0.007733609993010759 0
1740145439425 0.018821120262145996 0
1740145439869 0.28721609711647034 0
1740145440301 0.006593116093426943 0
