1740201515495 2.3115150928497314 0
1740201515935 0.7141634821891785 0
1740201516374 0.5615386962890625 0
1740201516805 0.18348704278469086 0
1740201517240 0.37127023935317993 0
1740201517701 0.4252142608165741 0
1740201518175 0.19549769163131714 0
1740201518627 0.17533329129219055 0
1740201519068 0.20480522513389587 0
1740201519505 0.19749665260314941 0
1740201519939 0.08524800837039948 0
1740201520372 0.1522173136472702 0
1740201520810 0.23217077553272247 0
1740201521253 0.2496887743473053 0
1740201521703 0.08506646007299423 0
1740201522156 0.023729996755719185 0
1740201522621 0.027610860764980316 0
1740201523080 0.15358859300613403 0
1740201523534 0.12354377657175064 0
1740201523984 0.12396538257598877 0
1740201524432 0.14478224515914917 0
1740201524877 0.03006322681903839 0
1740201525319 0.11029187589883804 0
1740201525760 0.1349414736032486 0
1740201526211 0.056980255991220474 0
1740201526685 0.041703399270772934 0
1740201527153 0.06487587839365005 0
1740201527623 0.06662973761558533 0
1740201528088 0.14381378889083862 0
1740201528556 0.11297737807035446 0
1740201529002 0.14229533076286316 0
1740201529460 0.18431136012077332 0
1740201529910 0.014640206471085548 0
1740201530355 0.06814131885766983 0
1740201530803 0.046447500586509705 0
1740201531257 0.0948791429400444 0
1740201531733 0.033656515181064606 0
1740201532206 0.1010751873254776 0
1740201532673 0.03281350061297417 0
1740201533129 0.11432893574237823 0
1740201533579 0.0858042910695076 0
1740201534029 0.052916303277015686 0
1740201534492 0.03485811501741409 0
1740201534961 0.02079862542450428 0
1740201535414 0.15431630611419678 0
1740201535867 0.020344117656350136 0
1740201536336 0.03843964636325836 0
1740201536791 0.09309102594852448 0
1740201537238 0.021525872871279716 0
1740201537687 0.05438385158777237 0
1740201538123 0.031817711889743805 0
1740201538609 0.03869379311800003 0
1740201539095 0.0473560094833374 0
1740201539569 0.027792280539870262 0
1740201540045 0.0308694988489151 0
1740201540564 0.06349409371614456 0
1740201541036 0.021188659593462944 0
1740201541497 0.159369096159935 0
1740201541947 0.048901841044425964 0
1740201542432 0.1147046685218811 0
1740201542897 0.11159908026456833 0
1740201543365 0.01824815757572651 0
1740201543809 0.012232574634253979 0
1740201544263 0.0440797321498394 0
1740201544714 0.08338230848312378 0
1740201545170 0.05828104168176651 0
1740201545633 0.08289164304733276 0
1740201546085 0.18865561485290527 0
1740201546539 0.038516100496053696 0
1740201547014 0.06628155708312988 0
1740201547498 0.008539952337741852 0
1740201547982 0.1482355147600174 0
1740201548469 0.03543044626712799 0
1740201548921 0.025852300226688385 0
1740201549392 0.10706035792827606 0
1740201549859 0.11470181494951248 0
1740201550330 0.019129209220409393 0
1740201550792 0.09010075032711029 0
1740201551252 0.03053184412419796 0
1740201551716 0.027421295642852783 0
1740201552191 0.06834038347005844 0
1740201552657 0.01195418182760477 0
1740201553126 0.02490132302045822 0
1740201553595 0.020181143656373024 0
1740201554089 0.05807246267795563 0
1740201554578 0.006801098119467497 0
1740201555058 0.03176945075392723 0
1740201555526 0.039538491517305374 0
1740201555997 0.19002282619476318 0
1740201556463 0.10646665841341019 0
1740201556928 0.03790787234902382 0
1740201557390 0.0944264605641365 0
1740201557856 0.0033501614816486835 0
1740201558327 0.03969487547874451 0
1740201558801 0.008043112233281136 0
1740201559267 0.09069832414388657 0
1740201559727 0.18158608675003052 0
1740201560192 0.026332084089517593 0
1740201560668 0.025878872722387314 0
1740201561162 0.003438513493165374 0
1740201561638 0.03756318613886833 0
1740201562115 0.004138432443141937 0
1740201562590 0.15213802456855774 0
1740201563057 0.0032777953892946243 0
1740201563530 0.04137308523058891 0
1740201564008 0.12158423662185669 0
1740201564459 0.011605794541537762 0
1740201564917 0.15416070818901062 0
1740201565399 0.02170240879058838 0
1740201565868 0.017319126054644585 0
1740201566321 0.024501705542206764 0
1740201566776 0.1617528200149536 0
1740201567233 0.0030991488602012396 0
1740201567702 0.006867609918117523 0
1740201568167 0.0005626814672723413 0
1740201568637 0.0036417183000594378 0
1740201569086 0.005907382350414991 0
1740201569568 0.0008382080122828484 0
1740201570034 0.09109944105148315 0
1740201570520 0.01860787346959114 0
1740201570992 0.07210657000541687 0
1740201571464 0.10356421023607254 0
1740201571945 0.001042436226271093 0
1740201572419 0.010610805824398994 0
1740201572887 0.035846903920173645 0
1740201573349 0.013868504203855991 0
1740201573818 0.00256669195368886 0
1740201574288 0.0016639957902953029 0
1740201574762 0.05624377727508545 0
1740201575236 0.022165779024362564 0
1740201575732 0.016341593116521835 0
1740201576194 0.0038998594973236322 0
1740201576654 0.008907253853976727 0
1740201577112 0.07150781899690628 0
1740201577560 0.021580291911959648 0
1740201578035 0.009345799684524536 0
1740201578513 0.19396141171455383 0
1740201578977 0.009164073504507542 0
1740201579433 0.03601580485701561 0
1740201579913 0.002546456176787615 0
1740201580431 0.00923905335366726 0
1740201580877 0.0570276714861393 0
1740201581341 0.039678510278463364 0
1740201581794 0.07201126962900162 0
1740201582250 0.007493859622627497 0
1740201582698 0.007211232092231512 0
1740201583143 0.026222143322229385 0
1740201583597 0.1702803671360016 0
1740201584045 0.007805094588547945 0
1740201584508 0.23569321632385254 0
